0
0
0
0
0
0
0
0
0
0
0
0
0
0
0
0
0
0
0
0
0
0
0
0
0
0
0
0
0
0
0
0
0
0
0
0
0
0
0
0
0
0
0
0
0
0
0
0
0
0
0
0
0
0
0
0
0
0
0
0
0
0
0
0
0
0
0
0
0
0
0
0
0
0
0
0
0
0
0
0
0
0
0
0
0
0
0
0
0
0
0
0
0
0
7400
7d00
ab00
ff00
ff00
9600
5d00
0
0
0
0
0
0
0
0
0
0
0
0
0
0
0
0
0
0
0
0
a900
fd00
fd00
fd00
fd00
fd00
fd00
da00
1e00
0
0
0
0
0
0
0
0
0
0
0
0
0
0
0
0
0
0
a900
fd00
fd00
fd00
d500
8e00
b000
fd00
fd00
7a00
0
0
0
0
0
0
0
0
0
0
0
0
0
0
0
0
0
3400
fa00
fd00
d200
2000
c00
0
600
ce00
fd00
8c00
0
0
0
0
0
0
0
0
0
0
0
0
0
0
0
0
0
4d00
fb00
d200
1900
0
0
0
7a00
f800
fd00
4100
0
0
0
0
0
0
0
0
0
0
0
0
0
0
0
0
0
0
1f00
1200
0
0
0
0
d100
fd00
fd00
4100
0
0
0
0
0
0
0
0
0
0
0
0
0
0
0
0
0
0
0
0
0
0
0
7500
f700
fd00
c600
a00
0
0
0
0
0
0
0
0
0
0
0
0
0
0
0
0
0
0
0
0
0
0
4c00
f700
fd00
e700
3f00
0
0
0
0
0
0
0
0
0
0
0
0
0
0
0
0
0
0
0
0
0
0
0
8000
fd00
fd00
9000
0
0
0
0
0
0
0
0
0
0
0
0
0
0
0
0
0
0
0
0
0
0
0
b000
f600
fd00
9f00
c00
0
0
0
0
0
0
0
0
0
0
0
0
0
0
0
0
0
0
0
0
0
0
1900
ea00
fd00
e900
2300
0
0
0
0
0
0
0
0
0
0
0
0
0
0
0
0
0
0
0
0
0
0
0
c600
fd00
fd00
8d00
0
0
0
0
0
0
0
0
0
0
0
0
0
0
0
0
0
0
0
0
0
0
0
4e00
f800
fd00
bd00
c00
0
0
0
0
0
0
0
0
0
0
0
0
0
0
0
0
0
0
0
0
0
0
1300
c800
fd00
fd00
8d00
0
0
0
0
0
0
0
0
0
0
0
0
0
0
0
0
0
0
0
0
0
0
0
8600
fd00
fd00
ad00
c00
0
0
0
0
0
0
0
0
0
0
0
0
0
0
0
0
0
0
0
0
0
0
0
f800
fd00
fd00
1900
0
0
0
0
0
0
0
0
0
0
0
0
0
0
0
0
0
0
0
0
0
0
0
0
f800
fd00
fd00
2b00
1400
1400
1400
1400
500
0
500
1400
1400
2500
9600
9600
9600
9300
a00
0
0
0
0
0
0
0
0
0
f800
fd00
fd00
fd00
fd00
fd00
fd00
fd00
a800
8f00
a600
fd00
fd00
fd00
fd00
fd00
fd00
fd00
7b00
0
0
0
0
0
0
0
0
0
ae00
fd00
fd00
fd00
fd00
fd00
fd00
fd00
fd00
fd00
fd00
fd00
f900
f700
f700
a900
7500
7500
3900
0
0
0
0
0
0
0
0
0
0
7600
7b00
7b00
7b00
a600
fd00
fd00
fd00
9b00
7b00
7b00
2900
0
0
0
0
0
0
0
0
0
0
0
0
0
0
0
0
0
0
0
0
0
0
0
0
0
0
0
0
0
0
0
0
0
0
0
0
0
0
0
0
0
0
0
0
0
0
0
0
0
0
0
0
0
0
0
0
0
0
0
0
0
0
0
0
0
0
0
0
0
0
0
0
0
0
0
0
0
0
0
0
0
0
0
0
0
0
0
0
0
0
0
0
0
0
0
0
0
0
0
0
0
0
0
0
0
0
0
0
0
0
0
0
0
0
0
0
0
0
0
0
0
0
0
0
0
0
0
0
0
0
0
0
0
0
0
0
0
0
0
0
0
0
0
0
0
0
0
0
0
0
0
0
0
0
0
0
0
0
0
0
0
0
0
0
0
0
0
0
0
0
0
0
0
0
0
0
0
0
0
0
0
0
0
0
0
0
0
0
0
0
0
0
0
0
0
0
0
0
0
0
0
0
0
0
0
0
0
0
0
0
0
0
0
0
0
0
0
0
0
0
0
0
0
0
0
0
0
0
0
0
0
0
0
0
0
0
0
0
0
0
0
0
0
0
0
0
0
0
0
0
0
0
0
0
0
0
0
0
0
0
0
0
0
0
0
0
0
0
0
0
0
0
0
0
0
2600
fe00
6d00
0
0
0
0
0
0
0
0
0
0
0
0
0
0
0
0
0
0
0
0
0
0
0
0
0
5700
fc00
5200
0
0
0
0
0
0
0
0
0
0
0
0
0
0
0
0
0
0
0
0
0
0
0
0
0
8700
f100
0
0
0
0
0
0
0
0
0
0
0
0
0
0
0
0
0
0
0
0
0
0
0
0
0
2d00
f400
9600
0
0
0
0
0
0
0
0
0
0
0
0
0
0
0
0
0
0
0
0
0
0
0
0
0
5400
fe00
3f00
0
0
0
0
0
0
0
0
0
0
0
0
0
0
0
0
0
0
0
0
0
0
0
0
0
ca00
df00
b00
0
0
0
0
0
0
0
0
0
0
0
0
0
0
0
0
0
0
0
0
0
0
0
0
2000
fe00
d800
0
0
0
0
0
0
0
0
0
0
0
0
0
0
0
0
0
0
0
0
0
0
0
0
0
5f00
fe00
c300
0
0
0
0
0
0
0
0
0
0
0
0
0
0
0
0
0
0
0
0
0
0
0
0
0
8c00
fe00
4d00
0
0
0
0
0
0
0
0
0
0
0
0
0
0
0
0
0
0
0
0
0
0
0
0
3900
ed00
cd00
800
0
0
0
0
0
0
0
0
0
0
0
0
0
0
0
0
0
0
0
0
0
0
0
0
7c00
ff00
a500
0
0
0
0
0
0
0
0
0
0
0
0
0
0
0
0
0
0
0
0
0
0
0
0
0
ab00
fe00
5100
0
0
0
0
0
0
0
0
0
0
0
0
0
0
0
0
0
0
0
0
0
0
0
0
1800
e800
d700
0
0
0
0
0
0
0
0
0
0
0
0
0
0
0
0
0
0
0
0
0
0
0
0
0
7800
fe00
9f00
0
0
0
0
0
0
0
0
0
0
0
0
0
0
0
0
0
0
0
0
0
0
0
0
0
9700
fe00
8e00
0
0
0
0
0
0
0
0
0
0
0
0
0
0
0
0
0
0
0
0
0
0
0
0
0
e400
fe00
4200
0
0
0
0
0
0
0
0
0
0
0
0
0
0
0
0
0
0
0
0
0
0
0
0
3d00
fb00
fe00
4200
0
0
0
0
0
0
0
0
0
0
0
0
0
0
0
0
0
0
0
0
0
0
0
0
8d00
fe00
cd00
300
0
0
0
0
0
0
0
0
0
0
0
0
0
0
0
0
0
0
0
0
0
0
0
a00
d700
fe00
7900
0
0
0
0
0
0
0
0
0
0
0
0
0
0
0
0
0
0
0
0
0
0
0
0
500
c600
b000
a00
0
0
0
0
0
0
0
0
0
0
0
0
0
0
0
0
0
0
0
0
0
0
0
0
0
0
0
0
0
0
0
0
0
0
0
0
0
0
0
0
0
0
0
0
0
0
0
0
0
0
0
0
0
0
0
0
0
0
0
0
0
0
0
0
0
0
0
0
0
0
0
0
0
0
0
0
0
0
0
0
0
0
0
0
0
0
0
0
0
0
0
0
0
0
0
0
0
0
0
0
0
0
0
0
0
0
0
0
0
0
0
0
0
0
0
0
0
0
0
0
0
0
0
0
0
0
0
0
0
0
0
0
0
0
0
0
0
0
0
0
0
0
0
0
0
0
0
0
0
0
0
0
0
0
0
0
0
0
0
0
0
0
0
0
0
0
0
0
0
0
0
0
0
0
0
0
0
0
0
0
0
0
0
0
0
0
0
0
0
0
0
0
0
0
0
0
0
0
0
0
0
0
0
0
0
0
0
0
0
0
0
0
0
0
0
0
0
0
0
0
0
0
0
0
0
0
0
0
0
0
0
0
0
0
0
0
0
0
0
0
0
0
0
0
0
0
0
0
0
0
b00
9600
fd00
ca00
1f00
0
0
0
0
0
0
0
0
0
0
0
0
0
0
0
0
0
0
0
0
0
0
0
2500
fb00
fb00
fd00
6b00
0
0
0
0
0
0
0
0
0
0
0
0
0
0
0
0
0
0
0
0
0
0
1500
c500
fb00
fb00
fd00
6b00
0
0
0
0
0
0
0
0
0
0
0
0
0
0
0
0
0
0
0
0
0
6e00
be00
fb00
fb00
fb00
fd00
a900
6d00
3e00
0
0
0
0
0
0
0
0
0
0
0
0
0
0
0
0
0
0
0
fd00
fb00
fb00
fb00
fb00
fd00
fb00
fb00
dc00
3300
0
0
0
0
0
0
0
0
0
0
0
0
0
0
0
0
0
b600
ff00
fd00
fd00
fd00
fd00
ea00
de00
fd00
fd00
fd00
0
0
0
0
0
0
0
0
0
0
0
0
0
0
0
0
3f00
dd00
fd00
fb00
fb00
fb00
9300
4d00
3e00
8000
fb00
fb00
6900
0
0
0
0
0
0
0
0
0
0
0
0
0
0
2000
e700
fb00
fd00
fb00
dc00
8900
a00
0
0
1f00
e600
fb00
f300
7100
500
0
0
0
0
0
0
0
0
0
0
0
0
2500
fb00
fb00
fd00
bc00
1400
0
0
0
0
0
6d00
fb00
fd00
fb00
2300
0
0
0
0
0
0
0
0
0
0
0
0
2500
fb00
fb00
c900
1e00
0
0
0
0
0
0
1f00
c800
fd00
fb00
2300
0
0
0
0
0
0
0
0
0
0
0
0
2500
fd00
fd00
0
0
0
0
0
0
0
0
2000
ca00
ff00
fd00
a400
0
0
0
0
0
0
0
0
0
0
0
0
8c00
fb00
fb00
0
0
0
0
0
0
0
0
6d00
fb00
fd00
fb00
2300
0
0
0
0
0
0
0
0
0
0
0
0
d900
fb00
fb00
0
0
0
0
0
0
1500
3f00
e700
fb00
fd00
e600
1e00
0
0
0
0
0
0
0
0
0
0
0
0
d900
fb00
fb00
0
0
0
0
0
0
9000
fb00
fb00
fb00
dd00
3d00
0
0
0
0
0
0
0
0
0
0
0
0
0
d900
fb00
fb00
0
0
0
0
0
b600
dd00
fb00
fb00
fb00
b400
0
0
0
0
0
0
0
0
0
0
0
0
0
0
da00
fd00
fd00
4900
4900
e400
fd00
fd00
ff00
fd00
fd00
fd00
fd00
0
0
0
0
0
0
0
0
0
0
0
0
0
0
0
7100
fb00
fb00
fd00
fb00
fb00
fb00
fb00
fd00
fb00
fb00
fb00
9300
0
0
0
0
0
0
0
0
0
0
0
0
0
0
0
1f00
e600
fb00
fd00
fb00
fb00
fb00
fb00
fd00
e600
bd00
2300
a00
0
0
0
0
0
0
0
0
0
0
0
0
0
0
0
0
3e00
8e00
fd00
fb00
fb00
fb00
fb00
fd00
6b00
0
0
0
0
0
0
0
0
0
0
0
0
0
0
0
0
0
0
0
0
0
4800
ae00
fb00
ad00
4700
4800
1e00
0
0
0
0
0
0
0
0
0
0
0
0
0
0
0
0
0
0
0
0
0
0
0
0
0
0
0
0
0
0
0
0
0
0
0
0
0
0
0
0
0
0
0
0
0
0
0
0
0
0
0
0
0
0
0
0
0
0
0
0
0
0
0
0
0
0
0
0
0
0
0
0
0
0
0
0
0
0
0
0
0
0
0
0
0
0
0
0
0
0
0
0
0
0
0
0
0
0
0
0
0
0
0
0
0
0
0
0
0
0
0
0
0
0
0
0
0
0
0
0
0
0
0
0
0
0
0
0
0
0
0
0
0
0
0
0
0
0
0
0
0
0
0
0
0
0
0
0
0
0
0
0
0
0
0
0
0
0
0
0
0
0
0
0
0
0
0
0
0
0
0
0
0
0
0
0
0
0
0
0
0
0
0
0
0
0
0
0
0
0
0
0
0
0
0
0
0
0
0
0
0
0
0
0
0
0
0
0
0
0
0
0
0
0
0
0
0
0
0
0
0
0
0
0
0
0
0
0
0
0
0
0
0
0
0
0
0
0
0
0
0
0
0
0
0
0
0
0
0
0
0
0
0
0
0
0
0
0
0
0
0
0
0
0
0
0
0
0
0
0
0
0
0
3200
e000
0
0
0
0
0
0
0
4600
1d00
0
0
0
0
0
0
0
0
0
0
0
0
0
0
0
0
0
7900
e700
0
0
0
0
0
0
0
9400
a800
0
0
0
0
0
0
0
0
0
0
0
0
0
0
0
0
400
c300
e700
0
0
0
0
0
0
0
6000
d200
b00
0
0
0
0
0
0
0
0
0
0
0
0
0
0
0
4500
fc00
8600
0
0
0
0
0
0
0
7200
fc00
1500
0
0
0
0
0
0
0
0
0
0
0
0
0
0
2d00
ec00
d900
c00
0
0
0
0
0
0
0
c000
fc00
1500
0
0
0
0
0
0
0
0
0
0
0
0
0
0
a800
f700
3500
0
0
0
0
0
0
0
1200
ff00
fd00
1500
0
0
0
0
0
0
0
0
0
0
0
0
0
5400
f200
d300
0
0
0
0
0
0
0
0
8d00
fd00
bd00
500
0
0
0
0
0
0
0
0
0
0
0
0
0
a900
fc00
6a00
0
0
0
0
0
0
0
2000
e800
fa00
4200
0
0
0
0
0
0
0
0
0
0
0
0
0
f00
e100
fc00
0
0
0
0
0
0
0
0
8600
fc00
d300
0
0
0
0
0
0
0
0
0
0
0
0
0
0
1600
fc00
a400
0
0
0
0
0
0
0
0
a900
fc00
a700
0
0
0
0
0
0
0
0
0
0
0
0
0
0
900
cc00
d100
1200
0
0
0
0
0
0
1600
fd00
fd00
6b00
0
0
0
0
0
0
0
0
0
0
0
0
0
0
0
a900
fc00
c700
5500
5500
5500
5500
8100
a400
c300
fc00
fc00
6a00
0
0
0
0
0
0
0
0
0
0
0
0
0
0
0
2900
aa00
f500
fc00
fc00
fc00
fc00
e800
e700
fb00
fc00
fc00
900
0
0
0
0
0
0
0
0
0
0
0
0
0
0
0
0
0
3100
5400
5400
5400
5400
0
0
a100
fc00
fc00
0
0
0
0
0
0
0
0
0
0
0
0
0
0
0
0
0
0
0
0
0
0
0
0
0
7f00
fc00
fc00
2d00
0
0
0
0
0
0
0
0
0
0
0
0
0
0
0
0
0
0
0
0
0
0
0
0
8000
fd00
fd00
0
0
0
0
0
0
0
0
0
0
0
0
0
0
0
0
0
0
0
0
0
0
0
0
0
7f00
fc00
fc00
0
0
0
0
0
0
0
0
0
0
0
0
0
0
0
0
0
0
0
0
0
0
0
0
0
8700
fc00
f400
0
0
0
0
0
0
0
0
0
0
0
0
0
0
0
0
0
0
0
0
0
0
0
0
0
e800
ec00
6f00
0
0
0
0
0
0
0
0
0
0
0
0
0
0
0
0
0
0
0
0
0
0
0
0
0
b300
4200
0
0
0
0
0
0
0
0
0
0
0
0
0
0
0
0
0
0
0
0
0
0
0
0
0
0
0
0
0
0
0
0
0
0
0
0
0
0
0
0
0
0
0
0
0
0
0
0
0
0
0
0
0
0
0
0
0
0
0
0
0
0
0
0
0
0
0
0
0
0
0
0
0
0
0
0
0
0
0
0
0
0
0
0
0
0
0
0
0
0
0
0
0
0
0
0
0
0
0
0
0
0
0
0
0
0
0
0
0
0
0
0
0
0
0
0
0
0
0
0
0
0
0
0
0
0
0
0
0
0
0
0
0
0
0
0
0
0
0
0
0
0
0
0
0
0
0
0
0
0
0
0
0
0
0
0
0
0
0
0
0
0
0
0
0
0
0
0
0
0
0
0
0
0
0
0
0
0
0
0
0
0
0
0
0
0
0
0
0
0
0
0
0
0
0
0
0
0
0
0
0
0
0
0
0
0
0
0
0
0
0
0
0
0
0
0
0
0
0
0
0
0
0
0
0
0
0
0
0
0
0
0
0
0
0
0
0
0
0
0
0
0
0
0
0
0
0
0
0
0
4d00
fe00
6b00
300
0
0
0
0
0
0
0
0
0
0
0
0
0
0
0
0
0
0
0
0
0
0
0
1300
e300
fe00
fe00
900
0
0
0
0
0
0
0
0
0
0
0
0
0
0
0
0
0
0
0
0
0
0
0
5100
fe00
fe00
a500
100
0
0
0
0
0
0
0
0
0
0
0
0
0
0
0
0
0
0
0
0
0
0
700
cb00
fe00
fe00
4900
0
0
0
0
0
0
0
0
0
0
0
0
0
0
0
0
0
0
0
0
0
0
0
3500
fe00
fe00
fa00
0
0
0
0
0
0
0
0
0
0
0
0
0
0
0
0
0
0
0
0
0
0
0
0
8600
fe00
fe00
b400
0
0
0
0
0
0
0
0
0
0
0
0
0
0
0
0
0
0
0
0
0
0
0
0
c400
fe00
f800
3000
0
0
0
0
0
0
0
0
0
0
0
0
0
0
0
0
0
0
0
0
0
0
0
3a00
fe00
fe00
ed00
0
0
0
0
0
0
0
0
0
0
0
0
0
0
0
0
0
0
0
0
0
0
0
0
6f00
fe00
fe00
8400
0
0
0
0
0
0
0
0
0
0
0
0
0
0
0
0
0
0
0
0
0
0
0
0
a300
fe00
ee00
1c00
0
0
0
0
0
0
0
0
0
0
0
0
0
0
0
0
0
0
0
0
0
0
0
3c00
fc00
fe00
df00
0
0
0
0
0
0
0
0
0
0
0
0
0
0
0
0
0
0
0
0
0
0
0
0
4f00
fe00
fe00
9a00
0
0
0
0
0
0
0
0
0
0
0
0
0
0
0
0
0
0
0
0
0
0
0
0
a300
fe00
ee00
3500
0
0
0
0
0
0
0
0
0
0
0
0
0
0
0
0
0
0
0
0
0
0
0
1c00
fc00
fe00
d200
0
0
0
0
0
0
0
0
0
0
0
0
0
0
0
0
0
0
0
0
0
0
0
0
5600
fe00
fe00
8300
0
0
0
0
0
0
0
0
0
0
0
0
0
0
0
0
0
0
0
0
0
0
0
0
6900
fe00
ea00
1400
0
0
0
0
0
0
0
0
0
0
0
0
0
0
0
0
0
0
0
0
0
0
0
0
af00
fe00
cc00
500
0
0
0
0
0
0
0
0
0
0
0
0
0
0
0
0
0
0
0
0
0
0
0
500
d300
fe00
c400
0
0
0
0
0
0
0
0
0
0
0
0
0
0
0
0
0
0
0
0
0
0
0
0
300
9e00
fe00
a000
0
0
0
0
0
0
0
0
0
0
0
0
0
0
0
0
0
0
0
0
0
0
0
0
0
1a00
9d00
6b00
0
0
0
0
0
0
0
0
0
0
0
0
0
0
0
0
0
0
0
0
0
0
0
0
0
0
0
0
0
0
0
0
0
0
0
0
0
0
0
0
0
0
0
0
0
0
0
0
0
0
0
0
0
0
0
0
0
0
0
0
0
0
0
0
0
0
0
0
0
0
0
0
0
0
0
0
0
0
0
0
0
0
0
0
0
0
0
0
0
0
0
0
0
0
0
0
0
0
0
0
0
0
0
0
0
0
0
0
0
0
0
0
0
0
0
0
0
0
0
0
0
0
0
0
0
0
0
0
0
0
0
0
0
0
0
0
0
0
0
0
0
0
0
0
0
0
0
0
0
0
0
0
0
0
0
0
0
0
0
0
0
0
0
0
0
0
0
0
0
0
0
0
0
0
0
0
0
0
0
0
0
0
0
0
0
0
0
0
0
0
0
0
0
0
0
0
0
0
0
0
0
0
0
0
0
0
0
0
0
0
0
0
0
0
0
0
0
0
0
0
0
0
0
0
0
0
0
0
0
0
0
0
0
0
0
0
0
0
0
0
0
0
0
0
0
0
0
1600
c000
8600
2000
0
0
0
0
0
0
0
0
f00
4d00
500
0
0
0
0
0
0
0
0
0
0
0
0
1100
eb00
fa00
a900
0
0
0
0
0
0
0
0
f00
dc00
f100
2500
0
0
0
0
0
0
0
0
0
0
0
1400
bd00
fd00
9300
0
0
0
0
0
0
0
0
0
8b00
fd00
6400
0
0
0
0
0
0
0
0
0
0
0
0
4600
fd00
fd00
1500
0
0
0
0
0
0
0
0
2b00
fe00
ad00
d00
0
0
0
0
0
0
0
0
0
0
0
1600
9900
fd00
6000
0
0
0
0
0
0
0
0
2b00
e700
fe00
5c00
0
0
0
0
0
0
0
0
0
0
0
0
a300
ff00
cc00
b00
0
0
0
0
0
0
0
0
6800
fe00
9e00
0
0
0
0
0
0
0
0
0
0
0
0
0
a200
fd00
b200
500
0
0
0
0
0
0
900
8300
ed00
fd00
0
0
0
0
0
0
0
0
0
0
0
0
0
0
a200
fd00
fd00
bf00
af00
4600
4600
4600
4600
8500
c500
fd00
fd00
a900
0
0
0
0
0
0
0
0
0
0
0
0
0
0
3300
e400
fd00
fd00
fe00
fd00
fd00
fd00
fd00
fe00
fd00
fd00
db00
2300
0
0
0
0
0
0
0
0
0
0
0
0
0
0
0
1100
4100
8900
fe00
e800
8900
8900
8900
2c00
fd00
fd00
a100
0
0
0
0
0
0
0
0
0
0
0
0
0
0
0
0
0
0
0
0
0
0
0
0
2200
fe00
ce00
1500
0
0
0
0
0
0
0
0
0
0
0
0
0
0
0
0
0
0
0
0
0
0
0
0
a000
fd00
4500
0
0
0
0
0
0
0
0
0
0
0
0
0
0
0
0
0
0
0
0
0
0
0
0
5500
fe00
f100
3200
0
0
0
0
0
0
0
0
0
0
0
0
0
0
0
0
0
0
0
0
0
0
0
0
9e00
fe00
a500
0
0
0
0
0
0
0
0
0
0
0
0
0
0
0
0
0
0
0
0
0
0
0
0
0
e700
f400
3200
0
0
0
0
0
0
0
0
0
0
0
0
0
0
0
0
0
0
0
0
0
0
0
0
6800
fe00
e800
0
0
0
0
0
0
0
0
0
0
0
0
0
0
0
0
0
0
0
0
0
0
0
0
0
d000
fd00
9d00
0
d00
1e00
0
0
0
0
0
0
0
0
0
0
0
0
0
0
0
0
0
0
0
0
0
0
d000
fd00
9a00
5b00
cc00
a100
0
0
0
0
0
0
0
0
0
0
0
0
0
0
0
0
0
0
0
0
0
0
d000
fd00
fe00
fd00
9a00
1d00
0
0
0
0
0
0
0
0
0
0
0
0
0
0
0
0
0
0
0
0
0
0
3d00
be00
8000
1700
600
0
0
0
0
0
0
0
0
0
0
0
0
0
0
0
0
0
0
0
0
0
0
0
0
0
0
0
0
0
0
0
0
0
0
0
0
0
0
0
0
0
0
0
0
0
0
0
0
0
0
0
0
0
0
0
0
0
0
0
0
0
0
0
0
0
0
0
0
0
0
0
0
0
0
0
0
0
0
0
0
0
0
0
0
0
0
0
0
0
0
0
0
0
0
0
0
0
0
0
0
0
0
0
0
0
0
0
0
0
0
0
0
0
0
0
0
0
0
0
0
0
0
0
0
0
0
0
0
0
0
0
0
0
0
0
0
0
0
0
0
0
0
0
0
0
0
0
0
0
0
0
0
0
0
0
0
0
0
0
0
0
0
0
0
0
0
0
0
0
0
0
0
0
0
0
0
0
0
0
0
0
0
0
0
0
0
0
0
0
0
0
0
0
0
0
0
0
0
0
0
0
0
0
0
0
0
0
0
0
0
0
0
0
0
0
0
0
0
0
0
0
0
0
0
0
0
0
0
0
0
0
0
0
0
0
0
0
0
0
0
0
0
0
0
0
0
0
0
0
0
0
0
0
0
0
0
0
0
0
0
0
0
0
0
0
0
0
0
0
0
0
0
0
e00
9500
c100
500
0
0
0
0
0
0
0
0
0
0
0
0
0
0
0
0
0
0
0
0
0
0
0
5b00
e000
fd00
fd00
1300
0
0
0
0
0
0
0
0
0
0
0
0
0
0
0
0
0
0
0
0
0
0
1c00
eb00
fe00
fd00
fd00
a600
1200
0
0
0
0
0
0
0
0
0
0
0
0
0
0
0
0
0
0
0
0
0
9000
fd00
fe00
fd00
fd00
fd00
ee00
7300
600
0
0
0
0
0
0
0
0
0
0
0
0
0
0
0
0
0
0
1f00
f100
fd00
d000
b900
fd00
fd00
fd00
e700
1800
0
0
0
0
0
0
0
0
0
0
0
0
0
0
0
0
0
0
4f00
fe00
c100
0
800
6200
db00
fe00
ff00
c900
1200
0
0
0
0
0
0
0
0
0
0
0
0
0
0
0
0
0
5600
fd00
5000
0
0
0
b600
fd00
fe00
bf00
c00
0
0
0
0
0
0
0
0
0
0
0
0
0
0
0
0
0
af00
fd00
9b00
0
0
0
ea00
fd00
fe00
8700
0
0
0
0
0
0
0
0
0
0
0
0
0
0
0
0
0
0
5600
fd00
d000
2800
5500
a600
fb00
ed00
fe00
ec00
2a00
0
0
0
0
0
0
0
0
0
0
0
0
0
0
0
0
0
1200
ee00
fd00
fe00
fd00
fd00
b900
2400
d800
fd00
9800
0
0
0
0
0
0
0
0
0
0
0
0
0
0
0
0
0
0
4400
f000
ff00
fe00
9100
800
0
8600
fe00
df00
2300
0
0
0
0
0
0
0
0
0
0
0
0
0
0
0
0
0
0
4400
9e00
8e00
c00
0
0
900
af00
fd00
a100
0
0
0
0
0
0
0
0
0
0
0
0
0
0
0
0
0
0
0
0
0
0
0
0
0
5800
fd00
e200
1200
0
0
0
0
0
0
0
0
0
0
0
0
0
0
0
0
0
0
0
0
0
0
0
0
200
a600
fd00
7e00
0
0
0
0
0
0
0
0
0
0
0
0
0
0
0
0
0
0
0
0
0
0
0
0
0
3000
f500
fd00
2600
0
0
0
0
0
0
0
0
0
0
0
0
0
0
0
0
0
0
0
0
0
0
0
0
0
7300
fe00
ac00
900
0
0
0
0
0
0
0
0
0
0
0
0
0
0
0
0
0
0
0
0
0
0
0
0
1500
da00
fe00
2e00
0
0
0
0
0
0
0
0
0
0
0
0
0
0
0
0
0
0
0
0
0
0
0
0
0
1e00
fe00
a500
0
0
0
0
0
0
0
0
0
0
0
0
0
0
0
0
0
0
0
0
0
0
0
0
0
0
ba00
f400
2a00
0
0
0
0
0
0
0
0
0
0
0
0
0
0
0
0
0
0
0
0
0
0
0
0
0
e00
df00
4e00
0
0
0
0
0
0
0
0
0
0
0
0
0
0
0
0
0
0
0
0
0
0
0
0
0
0
0
0
0
0
0
0
0
0
0
0
0
0
0
0
0
0
0
0
0
0
0
0
0
0
0
0
0
0
0
0
0
0
0
0
0
0
0
0
0
0
0
0
0
0
0
0
0
0
0
0
0
0
0
0
0
0
0
0
0
0
0
0
0
0
0
0
0
0
0
0
0
0
0
0
0
0
0
0
0
0
0
0
0
0
0
0
0
0
0
0
0
0
0
0
0
0
0
0
0
0
0
0
0
0
0
0
0
0
0
0
0
0
0
0
0
0
0
0
0
0
0
0
0
0
0
0
0
0
0
0
0
0
0
0
0
0
0
0
0
0
0
0
0
0
0
0
0
0
0
0
0
0
0
0
0
0
0
0
0
0
0
0
0
1100
2f00
2f00
2f00
1000
8100
5500
2f00
0
0
0
0
0
0
0
0
0
0
0
0
0
0
0
0
0
0
4b00
9900
d900
fd00
fd00
fd00
d700
f600
fd00
fd00
0
0
0
0
0
0
0
0
0
0
0
0
0
0
0
2300
8e00
f400
fc00
fd00
fd00
fd00
fd00
fd00
fd00
fd00
fd00
fd00
0
0
0
0
0
0
0
0
0
0
0
0
0
0
0
3f00
fd00
fd00
fd00
fd00
fd00
fd00
fd00
d500
aa00
aa00
aa00
aa00
0
0
0
0
0
0
0
0
0
0
0
1400
8400
4800
0
3900
ee00
e300
ee00
a800
7c00
4500
1400
b00
0
0
0
0
0
0
0
0
0
0
0
0
0
0
b00
ce00
fd00
4e00
0
0
2000
0
1e00
200
0
0
0
0
0
0
0
0
0
0
0
0
0
0
0
0
0
600
b100
fd00
8400
a00
0
0
0
0
0
0
0
0
0
0
0
0
0
0
0
0
0
0
0
0
0
0
c00
8500
fd00
e900
f00
0
0
0
0
0
0
0
0
0
0
0
0
0
0
0
0
0
0
0
0
0
0
0
5c00
fd00
df00
1c00
0
0
0
0
0
0
0
0
0
0
0
0
0
0
0
0
0
0
0
0
0
0
0
0
9600
fd00
ae00
0
0
0
0
0
0
0
0
0
0
0
0
0
0
0
0
0
0
0
0
0
0
0
0
0
ea00
fd00
f600
7f00
3100
0
0
0
0
0
0
0
0
0
0
0
0
0
0
0
0
0
0
0
0
0
0
0
ff00
fd00
fd00
fd00
fb00
9300
5b00
7900
5500
2a00
2a00
5500
1c00
0
0
0
0
0
0
0
0
0
0
0
0
0
0
0
8b00
fd00
fd00
fd00
fd00
fd00
fd00
fd00
fd00
fd00
fd00
fd00
e800
a800
0
0
0
0
0
0
0
0
0
0
0
0
0
0
300
3500
da00
de00
fb00
fd00
fd00
fd00
fd00
fd00
fd00
fd00
fd00
fc00
7c00
0
0
0
0
0
0
0
0
0
0
0
0
0
0
0
0
0
4300
4800
c800
fd00
fd00
fd00
fd00
fd00
fd00
fd00
af00
0
0
0
0
0
0
0
0
0
0
0
0
0
0
0
0
0
0
0
7800
fd00
f900
9800
3300
a400
fd00
fd00
af00
0
0
0
0
0
0
0
0
0
0
0
0
0
0
0
0
0
0
0
3200
fd00
fd00
fd00
bc00
fc00
fd00
fd00
9400
0
0
0
0
0
0
0
0
0
0
0
0
0
0
0
0
0
0
0
900
a700
fd00
fd00
fd00
fd00
fa00
af00
b00
0
0
0
0
0
0
0
0
0
0
0
0
0
0
0
0
0
0
0
0
1700
b400
e700
fd00
dd00
8000
0
0
0
0
0
0
0
0
0
0
0
0
0
0
0
0
0
0
0
0
0
0
0
0
5d00
9500
1600
0
0
0
0
0
0
0
0
0
0
0
0
0
0
0
0
0
0
0
0
0
0
0
0
0
0
0
0
0
0
0
0
0
0
0
0
0
0
0
0
0
0
0
0
0
0
0
0
0
0
0
0
0
0
0
0
0
0
0
0
0
0
0
0
0
0
0
0
0
0
0
0
0
0
0
0
0
0
0
0
0
0
0
0
0
0
0
0
0
0
0
0
0
0
0
0
0
0
0
0
0
0
0
0
0
0
0
0
0
0
0
0
0
0
0
0
0
0
0
0
0
0
0
0
0
0
0
0
0
0
0
0
0
0
0
0
0
0
0
0
0
0
0
0
0
0
0
0
0
0
0
0
0
0
0
0
0
0
0
0
0
0
0
0
0
0
0
0
0
0
0
0
0
0
0
0
0
0
0
0
0
0
0
0
0
0
0
0
0
0
0
0
0
0
0
0
0
0
0
0
0
0
0
0
0
0
0
0
0
0
0
0
0
0
0
0
0
0
0
0
0
0
0
0
0
0
0
0
0
0
0
0
0
0
0
0
0
0
0
0
0
0
0
0
0
0
0
0
0
0
0
0
0
0
0
0
0
0
0
0
0
0
0
0
0
0
0
0
0
0
0
0
0
0
0
0
0
0
0
0
0
0
0
0
0
0
0
0
0
0
0
0
0
0
0
0
0
0
0
0
0
0
0
0
0
0
0
0
0
0
0
0
0
0
0
0
0
0
0
0
0
0
0
0
0
0
0
0
0
0
0
0
2400
3800
8900
c900
c700
5f00
2500
0
0
0
0
0
0
0
0
0
0
0
0
0
0
0
0
0
0
0
2d00
9800
ea00
fe00
fe00
fe00
fe00
fe00
fa00
d300
9700
600
0
0
0
0
0
0
0
0
0
0
0
0
0
0
2e00
9900
f000
fe00
fe00
e300
a600
8500
fb00
c800
fe00
e500
e100
6800
0
0
0
0
0
0
0
0
0
0
0
0
0
9900
ea00
fe00
fe00
bb00
8e00
800
0
0
bf00
2800
c600
f600
df00
fd00
1500
0
0
0
0
0
0
0
0
0
0
800
7e00
fd00
fe00
e900
8000
b00
0
0
0
0
d200
2b00
4600
fe00
fe00
fe00
1500
0
0
0
0
0
0
0
0
0
0
4800
f300
fe00
e400
3600
0
0
0
0
300
2000
7400
e100
f200
fe00
ff00
a200
500
0
0
0
0
0
0
0
0
0
0
4b00
f000
fe00
df00
6d00
8a00
b200
b200
a900
d200
fb00
e700
fe00
fe00
fe00
e800
2600
0
0
0
0
0
0
0
0
0
0
0
900
af00
f400
fd00
ff00
fe00
fe00
fb00
fe00
fe00
fe00
fe00
fe00
fc00
ab00
1900
0
0
0
0
0
0
0
0
0
0
0
0
0
0
1000
8800
c300
b000
9200
9900
c800
fe00
fe00
fe00
fe00
9600
1000
0
0
0
0
0
0
0
0
0
0
0
0
0
0
0
0
0
0
0
0
0
a200
fe00
fe00
f100
6300
300
0
0
0
0
0
0
0
0
0
0
0
0
0
0
0
0
0
0
0
0
0
7600
fa00
fe00
fe00
5a00
0
0
0
0
0
0
0
0
0
0
0
0
0
0
0
0
0
0
0
0
0
0
6400
f200
fe00
fe00
d300
700
0
0
0
0
0
0
0
0
0
0
0
0
0
0
0
0
0
0
0
0
0
3600
f100
fe00
fe00
f200
3b00
0
0
0
0
0
0
0
0
0
0
0
0
0
0
0
0
0
0
0
0
0
0
8300
fe00
fe00
f400
4000
0
0
0
0
0
0
0
0
0
0
0
0
0
0
0
0
0
0
0
0
0
0
d00
f900
fe00
fe00
9800
0
0
0
0
0
0
0
0
0
0
0
0
0
0
0
0
0
0
0
0
0
0
c00
e400
fe00
fe00
d000
800
0
0
0
0
0
0
0
0
0
0
0
0
0
0
0
0
0
0
0
0
0
0
4e00
ff00
fe00
fe00
4200
0
0
0
0
0
0
0
0
0
0
0
0
0
0
0
0
0
0
0
0
0
0
0
d100
fe00
fe00
8900
0
0
0
0
0
0
0
0
0
0
0
0
0
0
0
0
0
0
0
0
0
0
0
0
e300
ff00
e900
1900
0
0
0
0
0
0
0
0
0
0
0
0
0
0
0
0
0
0
0
0
0
0
0
0
7100
ff00
6c00
0
0
0
0
0
0
0
0
0
0
0
0
0
0
0
0
0
0
0
0
0
0
0
0
0
0
0
0
0
0
0
0
0
0
0
0
0
0
0
0
0
0
0
0
0
0
0
0
0
0
0
0
0
0
0
0
0
0
0
0
0
0
0
0
0
0
0
0
0
0
0
0
0
0
0
0
0
0
0
0
0
0
0
0
0
0
0
0
0
0
0
0
0
0
0
0
0
0
0
0
0
0
0
0
0
0
0
0
0
0
0
0
0
0
0
0
0
0
0
0
0
0
0
0
0
0
0
0
0
0
0
0
0
0
0
0
0
0
0
0
0
0
0
0
0
0
0
0
0
0
0
0
0
0
0
0
0
0
0
0
0
0
0
0
0
0
0
3d00
300
2a00
7600
c100
7600
7600
3d00
0
0
0
0
0
0
0
0
0
0
0
0
0
0
0
0
0
0
e00
b300
f500
ec00
f200
fe00
fe00
fe00
fe00
f500
eb00
5400
0
0
0
0
0
0
0
0
0
0
0
0
0
0
0
0
9700
fe00
fe00
fe00
d500
c000
b200
b200
b400
fe00
fe00
f100
2e00
0
0
0
0
0
0
0
0
0
0
0
0
0
0
2b00
eb00
fe00
e200
4000
1c00
c00
0
0
200
8000
fc00
ff00
ad00
1100
0
0
0
0
0
0
0
0
0
0
0
0
0
3800
fe00
fd00
6b00
0
0
0
0
0
0
0
8600
fa00
fe00
4b00
0
0
0
0
0
0
0
0
0
0
0
0
0
3f00
fe00
9e00
0
0
0
0
0
0
0
0
0
dd00
fe00
9d00
0
0
0
0
0
0
0
0
0
0
0
0
0
c200
fe00
6700
0
0
0
0
0
0
0
0
0
9600
fe00
d500
0
0
0
0
0
0
0
0
0
0
0
0
2200
dc00
ef00
3a00
0
0
0
0
0
0
0
0
0
5400
fe00
d500
0
0
0
0
0
0
0
0
0
0
0
0
7e00
fe00
ab00
0
0
0
0
0
0
0
0
0
0
5400
fe00
d500
0
0
0
0
0
0
0
0
0
0
0
0
d600
ef00
3c00
0
0
0
0
0
0
0
0
0
0
5400
fe00
d500
0
0
0
0
0
0
0
0
0
0
0
0
d600
c700
0
0
0
0
0
0
0
0
0
0
0
5400
fe00
d500
0
0
0
0
0
0
0
0
0
0
0
b00
db00
c700
0
0
0
0
0
0
0
0
0
0
0
5400
fe00
d500
0
0
0
0
0
0
0
0
0
0
0
6200
fe00
c700
0
0
0
0
0
0
0
0
0
0
0
a200
fe00
d100
0
0
0
0
0
0
0
0
0
0
0
6200
fe00
c700
0
0
0
0
0
0
0
0
0
0
3300
ee00
fe00
4b00
0
0
0
0
0
0
0
0
0
0
0
6200
fe00
c700
0
0
0
0
0
0
0
0
0
3300
a500
fe00
c300
400
0
0
0
0
0
0
0
0
0
0
0
4200
f100
c700
0
0
0
0
0
0
0
0
300
a700
fe00
e300
3700
0
0
0
0
0
0
0
0
0
0
0
0
0
d600
d500
1400
0
0
0
0
0
2e00
9800
ca00
fe00
fe00
3f00
0
0
0
0
0
0
0
0
0
0
0
0
0
0
d600
fe00
cc00
b400
b400
b400
b400
b400
eb00
fe00
fe00
ea00
9c00
a00
0
0
0
0
0
0
0
0
0
0
0
0
0
0
5100
cd00
fe00
fe00
fe00
fe00
fe00
fe00
fe00
fc00
ea00
7800
0
0
0
0
0
0
0
0
0
0
0
0
0
0
0
0
0
1a00
d200
fe00
fe00
fe00
fe00
fe00
9900
6800
0
0
0
0
0
0
0
0
0
0
0
0
0
0
0
0
0
0
0
0
0
0
0
0
0
0
0
0
0
0
0
0
0
0
0
0
0
0
0
0
0
0
0
0
0
0
0
0
0
0
0
0
0
0
0
0
0
0
0
0
0
0
0
0
0
0
0
0
0
0
0
0
0
0
0
0
0
0
0
0
0
0
0
0
0
0
0
0
0
0
0
0
0
0
0
0
0
0
0
0
0
0
0
0
0
0
0
0
0
0
0
0
0
0
0
0
0
0
0
0
0
0
0
0
0
0
0
0
0
0
0
0
0
0
0
0
0
0
0
0
0
0
0
0
0
0
0
0
0
0
0
0
0
0
0
0
0
0
0
0
0
0
0
0
0
0
0
0
0
0
0
0
0
0
0
0
0
0
0
0
0
0
0
0
0
0
0
0
0
0
0
0
0
0
0
0
0
0
0
0
0
0
0
0
0
0
0
0
0
0
0
0
0
0
0
0
0
0
0
0
0
0
0
0
0
0
0
0
0
0
0
0
0
0
0
0
0
0
0
0
0
0
0
0
0
0
0
0
0
0
0
0
0
0
0
0
0
0
0
0
0
0
0
0
0
0
0
0
0
0
0
0
0
0
0
0
0
0
0
0
0
0
0
0
0
0
0
0
0
0
0
0
0
0
0
0
0
0
0
0
0
0
0
0
0
0
0
0
0
0
0
0
0
0
0
0
0
0
0
0
0
0
0
0
0
0
0
0
0
0
0
0
0
0
0
0
0
0
0
0
0
0
0
0
0
0
0
0
0
0
0
0
0
0
0
0
0
0
0
0
0
0
0
0
0
0
0
0
0
0
0
0
0
0
0
0
0
0
0
0
0
0
0
0
0
0
0
0
0
0
0
0
0
0
0
0
0
0
0
0
0
0
0
0
0
0
0
0
0
0
0
0
0
0
0
0
0
0
0
0
0
0
0
0
0
0
0
0
0
0
0
0
0
0
0
0
0
0
0
0
0
0
0
0
0
0
0
0
0
0
0
0
0
0
0
0
0
0
0
0
0
0
0
0
0
0
0
0
0
0
0
0
0
0
0